10000
27.38
35.95
66.07
22.54
2.51
19.58
14.43
20.77
34.28
86.46
20.4
16.03
78.61
13.01
82.1
60.62
37.04
9.74
47.3
33.86
19.0
98.58
94.51
56.72
63.09
0.69
13.03
26.34
48.88
73.73
92.16
66.18
3.42
43.46
51.64
94.98
77.91
12.15
28.5
24.25
66.89
50.96
79.59
29.9
31.4
62.02
31.94
59.12
15.99
3.34
74.53
7.19
42.22
65.19
51.1
84.48
66.22
43.87
80.71
66.56
13.16
19.44
33.16
21.49
69.87
10.75
58.3
54.77
26.83
68.68
51.83
73.86
32.85
37.37
28.77
16.95
89.14
72.12
41.9
91.68
61.03
8.93
65.27
23.6
49.38
3.03
25.91
86.6
78.81
77.2
75.64
63.93
63.08
66.44
65.1
70.54
57.57
16.22
79.03
6.34
90.54
74.01
18.14
29.71
43.38
84.69
62.75
15.08
46.64
55.87
29.84
9.29
93.03
61.38
84.58
46.61
98.17
45.84
63.94
20.85
54.95
52.78
63.45
11.64
67.03
60.92
34.24
74.58
96.55
9.05
61.53
19.98
92.32
38.94
97.95
98.27
8.47
15.62
9.14
2.25
51.46
27.7
93.94
16.85
27.24
84.9
2.57
44.72
92.62
72.06
67.95
95.33
19.98
46.48
13.88
27.41
65.58
71.2
93.03
32.36
4.23
82.79
22.09
15.43
41.17
49.9
67.25
95.72
91.11
89.13
28.8
15.08
19.46
64.96
13.79
89.15
79.56
31.43
50.97
35.42
12.95
14.12
5.03
74.37
91.23
99.08
54.51
47.0
17.35
91.44
27.61
43.49
20.77
12.91
47.62
89.43
92.98
34.95
54.26
8.04
2.64
28.73
10.7
33.0
17.17
45.37
69.08
60.47
4.66
74.07
52.98
61.62
91.77
12.22
9.86
58.65
34.82
4.05
83.44
70.51
24.3
4.71
88.8
45.74
50.32
65.26
50.4
70.54
45.07
19.04
99.22
56.96
39.69
20.85
20.18
43.49
72.01
6.98
94.75
5.05
60.69
89.19
80.23
1.77
12.97
81.4
0.09
53.35
57.25
9.86
51.93
12.26
59.27
1.46
27.59
45.54
27.12
11.88
11.32
86.51
6.52
49.32
47.93
46.58
16.11
7.33
22.47
30.35
36.64
86.05
77.04
22.32
83.0
77.77
87.79
32.39
96.82
57.69
23.3
35.26
69.97
52.24
97.87
28.26
93.23
76.75
47.73
11.0
83.4
64.43
82.89
46.04
59.56
30.63
78.14
27.13
62.92
76.04
86.6
82.44
50.38
12.11
46.59
12.91
40.39
55.96
53.65
72.67
36.1
16.47
59.49
23.39
17.26
74.65
36.38
22.4
48.38
98.88
85.63
78.93
97.41
74.99
22.08
52.35
93.54
93.7
61.18
9.56
88.52
68.34
39.64
5.2
5.28
84.95
28.02
17.23
39.19
41.9
92.35
2.78
11.36
68.61
83.76
3.67
55.57
23.9
41.93
21.57
41.56
70.35
71.76
87.56
87.91
8.42
0.32
49.99
74.41
86.99
2.03
20.64
70.3
37.57
11.87
42.45
9.38
52.17
86.55
58.56
66.5
95.18
1.56
49.44
64.37
60.39
19.72
61.13
70.87
17.85
5.52
58.19
80.65
70.76
21.2
90.72
39.21
96.66
45.35
0.13
84.68
26.51
63.99
49.33
6.83
24.56
48.34
94.45
67.05
88.57
85.08
98.26
20.74
52.77
54.1
39.48
94.65
57.05
58.1
15.64
7.6
49.37
8.49
98.87
48.85
19.34
45.05
15.31
59.37
79.22
97.47
47.71
34.93
91.98
89.64
31.67
94.7
10.5
22.18
87.35
60.75
55.1
65.09
72.73
37.43
89.42
56.23
63.79
48.63
99.3
74.19
31.71
98.93
98.76
96.18
82.64
36.29
63.22
53.64
83.31
56.51
88.27
66.14
21.43
14.76
62.67
13.42
13.68
95.79
94.51
26.51
3.85
83.78
17.94
55.4
44.62
52.8
23.05
5.52
15.63
91.66
55.19
53.96
61.41
64.94
89.38
98.44
20.18
6.37
45.23
93.07
69.73
65.37
25.04
93.51
46.43
81.31
76.81
84.34
23.23
61.36
6.67
4.93
57.53
20.56
90.03
37.23
78.1
87.61
92.75
33.39
7.5
56.44
31.3
67.32
76.17
10.14
15.18
64.39
34.31
60.81
19.65
25.1
35.64
72.13
50.78
86.51
25.27
89.29
1.86
5.83
76.5
7.63
80.37
36.63
69.5
28.75
42.73
23.75
17.22
93.87
24.31
3.39
29.63
36.94
5.05
69.86
46.65
98.07
6.14
63.07
91.62
81.03
85.55
66.54
29.23
35.73
87.49
53.93
52.76
61.56
62.69
97.2
89.81
73.6
80.77
16.81
67.35
88.07
38.63
40.73
21.61
3.55
72.38
80.44
26.32
26.29
95.42
73.34
16.92
44.05
79.11
60.78
56.0
11.92
21.96
35.44
56.62
84.59
2.01
80.22
28.41
71.79
46.32
12.94
13.99
80.76
75.19
93.38
76.41
54.61
98.11
79.01
80.23
57.21
57.57
70.78
47.64
84.94
85.03
4.19
25.86
25.45
16.77
96.44
11.6
50.47
34.99
76.19
12.62
15.89
53.59
26.5
83.62
52.99
9.84
14.89
7.97
19.81
70.24
82.43
14.83
92.94
35.04
16.63
51.35
48.01
94.76
35.04
3.53
34.5
94.87
40.89
23.04
18.64
81.18
99.22
25.68
5.71
29.47
18.34
98.51
86.86
43.01
80.9
38.73
45.92
91.6
3.34
36.91
25.31
24.64
60.17
39.64
73.88
71.34
5.68
72.57
98.7
54.1
69.42
73.5
55.51
18.75
17.1
87.88
96.69
12.44
6.66
97.73
68.9
74.39
42.29
19.78
86.11
89.15
79.87
75.42
9.9
52.26
14.59
32.22
64.54
17.41
40.88
16.34
75.01
88.27
32.96
50.61
38.47
83.36
40.37
42.32
83.27
26.0
12.96
22.03
90.52
13.16
53.54
5.86
8.66
42.88
86.33
89.42
76.03
73.24
36.45
62.81
7.95
24.32
38.87
22.93
92.61
23.22
19.71
78.24
28.8
67.5
29.12
8.32
43.81
36.52
82.67
39.29
79.3
60.35
11.38
66.45
39.47
30.04
9.68
1.8
79.8
5.98
33.33
76.86
81.19
81.43
82.27
92.91
95.79
69.96
3.17
0.57
80.54
17.02
28.57
20.02
27.62
57.36
24.62
76.51
82.41
82.76
90.56
92.89
17.15
95.42
62.83
1.81
69.3
87.12
91.4
39.62
60.67
74.44
91.99
74.23
24.62
30.32
27.18
86.5
87.17
18.49
58.19
18.13
40.72
69.56
95.57
85.99
64.97
2.85
37.77
37.59
56.36
3.64
26.61
73.15
22.89
96.75
97.17
92.32
3.59
40.18
46.53
31.82
12.29
52.91
62.93
8.92
23.81
28.94
46.73
88.29
30.28
38.58
89.11
96.13
55.69
77.1
36.24
61.72
45.43
33.14
53.35
6.66
84.85
21.31
21.06
48.37
24.55
77.08
22.29
75.42
30.64
72.65
85.9
89.49
18.73
3.33
58.76
12.16
29.75
11.57
92.31
79.14
38.19
0.49
41.06
55.31
49.33
32.7
64.29
89.08
7.07
63.17
45.08
50.88
20.07
98.43
53.42
59.06
32.77
89.75
58.54
58.24
22.26
95.46
21.41
97.95
30.31
21.77
54.94
25.8
36.85
1.58
36.59
34.88
52.54
46.44
55.3
6.14
14.7
88.8
93.81
69.34
89.9
66.42
25.55
9.3
86.47
90.08
6.58
54.06
61.18
33.55
91.44
55.0
7.08
38.78
71.62
88.82
11.22
77.03
16.97
68.05
9.26
16.5
27.26
9.1
65.32
66.21
37.82
33.0
18.76
13.73
63.46
50.8
54.3
24.85
69.35
63.21
34.99
16.85
24.04
17.88
13.69
67.0
58.11
5.44
39.97
53.64
1.95
6.38
27.09
82.91
52.28
83.74
34.68
80.67
41.92
19.15
10.52
85.91
81.79
17.87
86.81
79.7
29.7
87.68
5.67
77.33
10.8
80.57
21.25
37.44
49.44
11.92
96.17
44.18
51.71
84.19
32.94
15.29
4.42
18.49
26.25
69.85
13.0
28.8
41.39
8.7
46.0
92.21
57.82
65.28
95.37
63.8
0.05
78.47
83.03
68.75
20.93
64.87
74.75
69.01
52.63
9.48
61.55
61.57
32.17
50.72
53.7
18.81
13.86
74.09
49.58
67.12
58.83
82.18
36.01
15.26
58.49
68.38
75.56
8.27
44.78
0.02
85.75
72.0
37.67
74.76
9.93
16.34
6.55
50.66
63.81
25.17
87.87
45.13
27.78
77.31
77.36
92.98
74.07
8.91
62.98
0.7
18.57
89.08
59.14
59.82
58.61
56.44
25.63
81.49
95.71
1.16
21.3
14.58
54.71
28.38
3.73
61.04
56.05
21.75
31.63
89.61
40.66
4.83
39.14
13.65
71.94
13.4
36.49
75.08
53.16
87.26
76.39
2.76
66.47
84.59
57.03
56.55
66.69
42.47
2.66
99.99
86.57
97.1
30.18
59.03
23.78
1.21
38.97
12.13
29.86
39.25
31.75
1.74
22.63
56.12
10.49
38.22
15.55
58.26
36.29
80.86
92.59
79.71
14.52
83.92
93.38
38.48
17.85
8.78
27.21
36.84
17.26
5.54
44.81
10.07
0.06
41.28
95.74
30.54
1.95
75.13
59.38
53.9
62.44
4.59
51.07
57.89
51.0
69.04
35.91
32.92
22.63
47.86
83.79
36.1
44.98
6.18
21.12
12.02
85.61
46.41
17.8
59.49
31.97
35.97
83.8
9.92
50.35
75.57
88.19
62.32
18.04
93.48
11.15
36.32
56.34
4.36
92.71
4.48
93.82
94.55
75.94
6.44
0.57
35.56
69.19
95.43
88.99
66.06
12.23
14.33
87.82
23.87
96.78
48.63
41.51
97.42
97.32
82.76
68.63
56.25
93.72
0.88
19.14
33.16
11.45
7.92
21.89
28.93
85.21
59.26
17.39
10.31
27.96
93.96
96.07
95.31
35.87
49.79
1.49
16.58
81.02
15.15
82.3
62.42
40.73
56.22
30.85
29.73
45.66
24.6
54.41
21.81
51.79
23.07
48.84
59.24
17.16
98.46
22.12
1.66
1.86
95.24
71.4
50.59
91.39
46.69
90.92
25.68
75.48
78.98
98.84
14.45
83.66
51.85
3.79
90.52
63.04
95.88
84.95
88.47
82.33
43.56
85.05
74.31
8.23
73.91
47.08
18.74
63.64
52.57
81.72
91.62
62.03
24.92
14.59
70.36
87.47
3.88
81.04
22.83
60.1
91.9
92.91
19.06
61.1
34.35
76.86
30.55
71.91
19.76
58.91
68.45
84.31
35.35
43.91
26.55
31.25
71.34
37.78
4.68
12.73
93.71
92.97
24.82
33.45
23.1
43.13
90.4
39.83
20.48
21.15
47.82
75.55
3.87
22.84
22.22
34.56
95.07
21.59
71.71
55.8
80.13
50.93
7.07
56.48
53.64
86.94
39.43
17.25
22.16
24.47
78.08
96.6
73.6
93.85
79.45
25.35
46.54
7.67
23.47
33.19
50.01
80.28
52.24
59.05
4.42
69.54
34.45
43.8
98.14
43.4
43.08
46.59
47.83
56.81
69.51
28.92
72.9
1.56
54.62
90.39
6.16
22.51
27.38
66.81
93.98
28.69
99.33
80.49
99.06
71.75
64.05
41.8
7.27
64.07
21.1
27.86
15.09
12.0
53.37
16.82
24.01
27.82
98.55
18.52
25.83
17.84
78.61
16.54
47.14
3.51
99.02
39.95
13.77
59.08
32.92
52.67
15.53
3.8
33.77
62.43
41.36
32.81
94.51
37.27
86.38
48.11
6.1
16.41
80.0
89.52
19.57
98.65
78.57
68.6
34.18
25.57
35.75
28.26
68.88
56.42
15.9
17.8
42.13
76.3
19.07
44.14
27.16
90.93
93.94
29.76
38.87
39.04
33.95
66.94
52.52
63.37
39.53
17.24
39.83
95.02
94.15
97.94
13.23
42.67
78.64
45.9
31.3
38.28
28.42
3.71
82.02
56.2
47.53
98.58
50.82
30.92
2.32
92.21
95.41
19.62
72.57
24.31
59.1
25.46
17.98
93.73
39.45
67.02
82.91
64.14
28.18
20.98
15.25
21.61
24.33
17.24
88.25
51.44
78.9
92.84
91.15
75.17
10.07
54.44
6.17
99.12
45.84
30.83
91.99
29.71
77.8
48.7
41.72
18.65
7.77
26.11
61.77
99.92
15.54
77.86
4.18
28.12
68.11
7.86
44.61
69.78
84.08
36.28
51.47
29.69
40.8
51.56
31.62
66.03
24.59
19.09
21.05
5.78
71.53
52.14
54.81
76.29
8.33
49.7
82.35
99.22
36.94
29.94
38.26
10.07
0.35
86.29
41.11
18.52
50.68
49.01
27.15
69.14
66.09
96.11
75.14
16.61
5.46
97.05
50.9
94.54
5.45
14.99
62.44
55.78
73.03
28.65
68.94
47.3
67.07
31.12
2.47
79.72
89.99
49.06
40.96
95.52
53.93
4.68
40.43
57.74
83.94
97.88
79.58
32.14
39.74
8.18
12.71
63.96
6.47
41.16
15.19
91.53
97.67
79.52
84.34
29.42
20.26
19.1
74.66
74.06
79.0
0.76
56.71
68.21
44.87
88.61
60.62
67.34
73.48
51.9
88.28
87.69
59.99
32.47
6.9
99.2
60.89
79.51
12.3
88.76
62.03
79.77
59.9
60.47
31.76
2.51
26.76
72.76
43.85
80.08
7.54
53.23
97.05
7.54
97.38
73.0
87.23
8.56
96.81
14.35
17.49
22.02
48.36
48.88
99.05
35.44
45.06
82.79
24.17
52.25
26.0
36.9
77.95
13.2
34.61
88.99
14.83
32.95
0.11
15.89
64.06
42.83
60.51
26.07
64.97
91.7
49.36
95.9
71.67
41.78
8.78
51.65
99.32
36.61
51.46
24.88
64.04
60.19
51.2
31.03
82.31
7.02
68.86
5.04
67.36
92.82
75.62
36.67
4.1
54.6
35.16
24.54
74.52
70.2
44.0
25.09
11.46
26.62
2.3
47.98
46.93
56.97
3.75
65.7
78.24
94.51
26.54
74.01
22.1
33.47
15.6
31.53
33.78
50.86
53.57
23.08
12.24
41.89
30.84
17.98
20.82
30.23
50.93
68.21
91.5
0.91
43.56
61.69
46.09
21.21
23.12
69.5
22.05
89.06
56.36
4.31
31.44
11.8
82.56
87.67
79.23
41.2
71.96
70.92
94.72
91.48
31.65
40.09
88.08
0.45
46.19
86.97
84.03
4.99
72.95
1.57
54.58
0.01
15.35
43.27
72.75
72.07
71.95
62.03
89.42
44.48
48.37
79.12
17.62
38.13
65.23
89.97
13.59
12.97
46.27
9.11
49.1
18.03
6.27
99.14
81.46
6.69
61.74
82.31
44.11
35.48
4.71
3.33
94.41
88.64
14.41
68.77
14.06
78.38
59.51
83.45
56.23
44.23
13.29
99.38
13.15
69.26
89.95
63.93
17.83
71.14
84.4
19.33
29.08
5.9
66.38
41.67
1.85
11.18
17.82
9.2
71.12
90.4
90.24
18.03
27.44
29.21
48.83
50.26
21.69
80.38
8.43
97.42
6.5
69.63
50.31
91.53
0.79
36.76
89.76
25.75
73.27
71.51
68.76
72.05
15.05
35.44
20.6
13.6
78.28
30.46
78.75
1.69
71.46
94.95
64.07
31.49
70.43
36.14
15.08
7.98
57.31
99.57
88.65
64.12
15.33
95.15
33.97
36.6
86.69
42.13
42.58
76.61
10.05
92.18
28.26
78.55
45.75
1.93
43.14
48.0
37.24
0.85
44.12
70.86
5.32
56.88
63.38
94.38
47.82
90.35
57.23
85.33
16.22
59.67
51.05
39.01
19.74
82.12
17.43
94.06
98.91
22.35
90.74
19.06
24.32
98.67
55.75
42.75
28.01
45.6
7.3
15.2
22.53
67.16
13.45
88.05
55.65
47.47
39.83
93.69
78.92
78.04
76.55
64.12
26.36
1.91
67.49
51.52
17.4
63.61
93.29
8.91
29.64
4.73
4.95
19.63
32.75
50.0
21.81
20.43
98.61
36.21
15.55
2.45
51.25
50.1
85.07
33.25
26.12
36.48
65.71
26.44
71.81
57.39
16.49
10.41
79.25
27.25
26.0
52.91
73.96
91.18
21.45
60.59
8.87
45.07
57.64
23.48
70.19
95.22
4.42
70.72
82.9
65.73
85.13
63.31
37.2
19.66
37.78
49.5
6.31
68.08
66.02
34.39
55.57
76.75
47.48
93.21
45.93
26.54
75.6
42.39
51.12
32.97
48.65
58.0
66.14
20.44
50.28
41.0
15.58
86.87
80.41
19.75
12.82
60.25
69.42
12.73
60.42
5.53
51.42
43.41
63.97
45.89
23.52
41.71
36.85
36.03
38.38
19.24
6.67
54.83
97.5
5.31
86.75
59.46
11.62
8.13
23.53
96.77
89.48
1.01
76.0
40.03
54.49
10.81
77.33
18.51
42.79
11.57
3.21
71.41
41.76
35.34
65.58
10.33
59.21
29.31
65.78
29.87
96.16
85.32
62.38
31.37
23.98
36.96
9.92
26.36
82.7
94.66
40.31
74.46
44.12
5.28
13.88
27.87
26.12
29.98
82.16
84.16
89.87
93.07
30.38
95.44
38.49
49.19
94.12
36.05
51.03
50.91
96.12
4.95
12.72
50.03
29.58
71.07
38.1
44.91
14.76
45.8
74.45
74.78
20.83
57.19
54.84
24.76
83.75
17.19
93.08
17.93
10.56
40.13
28.67
6.77
84.81
72.55
4.48
20.69
93.04
74.32
16.42
58.04
6.1
65.69
1.68
68.24
77.97
72.02
28.5
91.17
26.49
30.5
3.38
47.69
78.81
17.75
74.81
39.2
97.15
67.36
90.85
86.26
5.24
62.99
92.26
20.84
6.54
48.39
6.03
19.3
65.42
97.39
43.31
95.51
71.67
32.54
95.84
80.29
47.06
37.73
63.87
91.64
18.75
37.46
97.49
74.06
27.7
46.58
83.5
83.94
65.3
55.49
93.62
42.79
48.9
47.48
11.84
7.07
18.59
31.74
61.55
60.26
16.49
67.67
60.57
27.66
66.2
44.15
98.57
75.75
60.55
71.97
91.0
60.86
33.72
53.41
60.04
13.84
23.97
56.15
85.53
66.29
32.83
29.15
53.49
51.58
84.19
14.4
20.53
4.81
51.38
31.76
50.16
26.96
41.32
50.7
22.94
51.47
48.47
73.35
63.27
11.61
50.62
97.5
46.98
57.02
68.26
76.5
3.16
98.81
65.53
4.36
20.25
75.5
44.43
36.4
21.87
70.42
56.2
36.45
50.08
1.2
45.01
15.03
98.38
76.82
60.95
11.35
94.16
56.94
97.76
40.67
92.8
51.56
94.54
52.13
25.41
45.29
29.95
94.94
11.11
10.3
61.12
56.71
31.72
79.85
80.32
34.92
17.31
16.43
76.59
78.13
40.54
39.16
90.07
86.75
90.68
20.54
90.49
37.05
58.2
95.21
36.84
53.22
13.11
27.98
62.61
98.38
33.48
28.98
72.73
74.1
56.68
66.73
29.56
15.93
99.1
44.55
3.03
74.51
45.88
38.96
56.98
84.61
9.44
40.48
32.43
5.69
32.16
44.69
34.37
0.17
83.46
3.81
53.47
10.23
26.25
27.75
42.45
28.92
42.16
80.62
50.85
80.2
28.34
62.57
33.25
16.75
12.1
3.74
91.95
20.63
9.07
53.04
65.5
53.66
78.85
11.36
55.91
66.27
60.29
75.8
81.34
33.47
15.54
47.65
4.32
77.12
58.77
64.86
75.08
89.26
53.88
53.39
80.11
32.09
20.33
8.44
72.25
64.79
33.77
65.54
44.02
95.48
11.44
92.36
76.54
67.15
60.13
26.76
40.29
55.39
97.03
58.49
83.01
30.08
21.62
30.39
81.73
83.15
32.28
56.09
74.47
68.38
74.15
72.14
75.67
75.27
39.76
28.35
73.45
93.65
61.55
34.06
38.22
35.95
25.24
11.48
94.94
29.53
66.92
64.85
95.57
33.99
63.61
4.32
37.57
1.07
1.43
24.81
13.85
48.64
38.12
46.52
56.88
73.72
77.66
88.91
52.21
57.48
94.17
90.04
41.97
30.11
20.87
71.98
85.9
19.17
12.78
33.64
50.69
7.89
43.29
47.0
71.69
43.12
99.96
13.28
20.24
64.58
61.28
31.7
39.53
41.2
13.5
96.26
19.95
50.75
14.92
99.62
67.12
97.15
40.94
52.49
14.56
1.26
91.66
47.12
7.41
6.75
99.7
78.06
43.92
56.29
67.89
22.72
52.91
40.27
10.3
42.58
6.39
72.42
0.56
32.28
49.94
3.97
88.36
16.39
46.35
13.7
24.54
62.7
45.98
19.48
17.78
87.89
14.43
74.46
61.96
35.66
58.66
62.81
32.51
33.88
19.07
44.7
61.73
16.97
81.61
99.06
61.53
72.52
89.94
87.62
33.72
62.62
54.36
95.88
15.94
22.29
71.11
70.47
59.96
41.54
8.47
84.29
34.06
89.8
78.13
68.24
9.5
31.8
96.35
83.62
20.07
56.72
39.09
39.43
6.13
83.09
32.96
46.83
81.43
44.37
75.03
19.55
44.53
92.22
34.44
90.96
29.32
42.29
10.27
8.24
44.87
91.5
87.38
37.95
84.57
6.55
80.82
92.12
46.43
22.09
26.17
46.15
86.58
9.38
14.08
92.32
22.65
91.11
39.27
64.77
71.19
22.43
97.51
41.14
13.06
70.85
87.08
85.76
72.61
38.59
94.09
63.23
74.45
27.37
47.75
67.35
0.43
97.73
19.6
45.88
94.81
93.83
42.06
65.96
11.99
82.83
36.26
11.05
95.35
68.4
15.4
63.48
43.11
73.22
57.87
25.32
38.93
56.21
78.89
83.87
20.07
71.33
69.94
26.19
69.85
69.27
16.87
6.54
21.44
85.12
41.31
5.34
7.29
68.04
41.97
63.45
91.38
78.27
91.65
16.09
17.66
99.75
12.48
41.39
97.45
90.77
11.24
7.22
83.32
88.67
52.1
50.85
11.75
52.55
95.0
49.74
96.3
90.17
32.64
78.92
8.85
67.55
83.73
45.81
58.92
36.12
59.52
14.48
15.5
79.21
68.9
38.2
21.77
38.88
83.88
0.79
18.48
26.2
3.95
52.22
19.81
1.89
86.13
70.15
61.47
22.73
26.25
90.39
84.51
37.27
62.36
11.79
70.44
46.82
31.46
85.5
15.38
89.6
19.67
62.6
87.91
62.28
77.65
96.47
42.36
43.75
71.93
82.13
82.35
83.75
85.43
86.06
97.47
63.34
31.72
57.92
63.53
35.44
32.55
64.23
80.83
91.83
49.4
46.36
58.67
62.77
14.62
67.45
4.53
57.74
95.54
96.31
38.12
4.04
10.02
44.85
53.89
61.05
52.93
82.48
65.23
28.43
10.98
7.31
36.5
1.27
25.68
59.05
73.1
56.13
53.32
82.47
92.69
93.73
30.71
86.89
60.36
2.13
20.21
37.29
73.67
64.25
91.21
40.42
29.36
52.78
93.43
33.26
25.2
58.89
82.64
31.37
60.39
45.29
15.46
82.91
98.09
60.87
86.93
37.4
39.02
54.08
31.53
11.06
2.44
5.63
41.74
38.08
33.69
25.03
0.61
56.17
95.78
39.07
99.36
37.65
67.25
12.79
43.27
50.7
41.74
45.78
49.49
59.63
31.87
49.85
78.8
86.89
20.49
23.48
19.21
77.59
63.94
64.56
27.41
41.72
73.67
71.75
23.22
98.02
99.76
19.17
70.13
15.41
99.79
74.68
92.72
50.56
62.63
74.77
34.12
15.42
94.84
5.55
10.6
92.98
60.95
43.14
26.52
40.71
67.83
26.09
13.46
97.34
12.57
60.23
8.13
14.45
29.07
10.88
12.0
30.19
36.34
60.66
53.11
95.98
96.12
17.3
74.49
66.12
27.73
21.2
37.66
12.2
6.95
37.81
84.62
81.19
90.13
9.32
71.34
76.59
68.93
73.82
72.49
64.97
19.99
79.2
81.45
69.4
13.68
20.29
21.88
35.35
86.44
55.56
32.71
0.23
7.37
81.1
18.7
91.98
65.49
45.69
7.56
89.86
91.55
76.26
2.83
91.87
3.84
7.27
7.53
37.75
4.36
53.41
33.91
76.23
32.68
19.79
70.39
10.71
54.91
99.31
45.08
62.12
5.66
90.39
53.41
12.47
44.64
32.67
15.63
88.49
84.31
74.24
2.91
59.75
75.04
99.57
89.76
6.81
44.23
36.98
52.07
48.65
86.53
73.56
89.17
48.81
31.37
40.61
34.25
49.02
14.35
43.08
35.01
29.85
10.45
73.38
69.79
7.56
70.97
71.44
12.89
99.1
17.22
79.58
66.52
18.07
10.04
86.54
44.6
22.1
78.69
3.08
64.28
62.18
63.22
54.02
63.05
10.49
78.24
57.83
2.05
40.69
32.35
63.92
91.14
11.63
80.36
84.2
7.47
72.71
25.8
70.3
43.48
84.46
2.61
83.48
7.1
21.28
22.39
25.92
27.34
84.08
67.31
2.7
2.04
36.55
23.16
74.9
92.7
53.89
20.78
60.18
78.54
98.23
31.53
94.1
25.2
30.67
76.84
67.09
27.52
22.3
29.21
54.95
89.05
13.96
88.28
94.8
70.24
6.7
3.83
20.79
74.94
51.74
96.81
65.23
99.11
50.39
2.02
52.14
17.12
46.68
30.36
4.21
74.2
48.7
55.79
92.0
17.97
57.41
87.01
89.34
30.64
13.86
95.72
80.33
74.75
70.64
91.79
39.26
35.31
47.37
75.39
98.69
31.88
92.65
1.39
5.32
5.23
7.69
91.93
33.76
35.84
45.23
39.86
82.75
19.54
81.4
95.65
79.01
41.83
73.72
69.14
20.25
1.04
27.49
22.13
56.86
69.54
80.36
71.49
42.63
61.83
92.14
40.33
58.2
34.16
73.54
41.14
72.02
85.72
79.72
3.17
21.97
85.71
91.45
19.5
24.4
47.68
50.22
15.35
75.68
97.87
12.86
92.69
73.36
39.57
16.67
42.6
78.65
89.39
34.51
90.47
92.72
77.87
66.86
61.13
78.17
0.48
26.06
88.3
57.81
76.62
64.42
69.36
67.52
94.03
15.97
28.08
23.0
7.85
0.85
21.62
56.77
86.95
22.7
45.94
8.14
73.27
10.47
95.39
82.43
4.19
60.56
48.54
30.7
84.79
9.21
94.37
53.24
22.83
19.92
27.32
23.72
68.68
26.79
46.39
87.17
66.37
19.49
71.07
9.78
93.02
36.88
62.17
18.92
85.36
44.17
40.55
92.12
83.25
37.4
82.66
16.2
19.7
5.5
72.33
41.18
53.98
40.79
16.66
51.37
34.2
94.55
88.27
13.79
58.53
93.62
75.41
90.13
69.41
87.92
74.53
43.17
57.22
16.68
61.39
18.99
24.16
60.3
14.93
95.93
95.77
70.39
28.84
3.37
25.6
13.51
55.76
92.53
72.33
12.27
96.94
52.13
36.76
52.74
73.48
63.26
12.15
46.49
4.21
38.48
57.01
39.74
79.87
52.08
66.98
67.07
33.61
25.29
29.66
98.96
6.91
39.22
79.7
69.69
71.69
49.15
16.44
98.14
43.11
39.46
42.99
4.55
89.28
81.94
7.58
75.12
91.07
64.45
7.66
55.13
43.49
90.92
86.27
92.46
59.03
47.47
16.74
11.3
58.79
67.13
24.59
55.12
24.51
53.02
4.64
63.46
3.45
0.54
73.15
99.11
48.63
48.36
86.65
17.35
72.81
46.87
50.86
88.05
43.49
11.48
44.14
42.05
99.07
78.52
84.32
54.6
80.7
53.46
38.65
87.22
55.7
33.26
96.35
39.47
99.77
41.99
18.44
21.06
60.07
41.06
74.21
79.5
16.36
94.92
25.14
10.49
47.18
7.41
26.77
56.1
15.06
48.35
92.77
61.33
9.38
65.02
36.49
30.82
33.22
25.68
78.25
1.83
94.87
35.58
25.33
24.3
87.75
34.44
44.26
88.94
20.82
8.46
84.83
93.67
58.6
93.66
29.02
19.8
30.78
43.26
77.12
74.65
52.82
74.76
73.37
20.14
48.52
7.02
42.26
16.78
79.87
75.68
45.48
0.26
86.05
3.97
47.44
11.89
62.13
46.6
46.15
72.24
16.13
57.49
62.62
72.89
61.45
69.7
8.4
29.57
80.04
40.73
70.19
71.22
32.55
71.94
83.96
95.93
35.32
38.42
31.59
40.46
63.36
73.24
68.31
86.23
94.77
92.29
60.85
63.37
14.1
42.38
46.88
73.22
86.37
34.8
22.84
49.79
99.56
94.94
39.66
1.85
39.28
40.21
98.72
19.62
6.21
95.88
74.01
12.14
41.75
5.66
44.73
65.42
13.44
53.64
71.62
51.38
50.95
22.94
8.16
65.43
70.07
37.76
1.27
91.79
43.91
55.38
6.97
86.01
11.03
87.94
11.22
55.28
12.96
78.94
48.03
16.55
54.14
7.6
90.43
85.12
55.95
22.13
9.05
58.94
77.03
98.4
95.75
36.92
98.21
14.56
69.22
34.04
74.08
5.88
58.64
71.01
5.6
23.28
19.13
7.06
22.04
3.69
3.47
90.1
30.31
13.91
0.17
55.99
89.28
1.86
5.45
21.5
96.06
87.7
57.49
52.51
50.12
8.49
16.33
54.66
1.13
9.89
88.61
3.38
21.29
67.68
97.12
88.48
16.38
79.73
79.23
68.42
63.69
28.23
37.12
11.76
64.18
37.41
40.41
7.02
94.22
28.86
27.36
41.38
62.78
6.83
3.6
28.73
23.28
40.88
3.5
53.78
40.3
12.53
88.93
16.68
20.82
82.77
14.58
88.36
58.36
26.68
45.47
45.16
28.13
7.85
3.34
15.64
97.52
42.52
49.06
98.15
75.78
23.47
87.87
90.04
42.89
91.19
76.18
0.14
29.49
62.26
23.66
15.75
11.61
2.64
62.42
36.95
91.54
25.9
36.0
73.04
55.75
26.6
83.38
45.87
25.58
48.79
67.37
5.87
28.41
81.44
25.18
91.75
33.25
49.61
96.8
83.66
93.14
55.32
86.29
34.3
18.77
34.64
89.15
63.58
55.81
39.35
20.3
17.15
59.35
97.23
2.6
70.95
95.71
40.07
44.51
85.71
2.15
54.81
72.04
21.5
10.03
77.65
17.72
0.13
10.31
74.12
16.35
28.33
69.4
38.24
47.49
29.99
73.59
40.81
22.75
4.92
54.91
1.54
23.81
86.32
83.09
82.52
1.35
73.28
82.26
99.17
65.84
94.29
53.44
82.69
14.83
61.36
25.48
91.98
69.53
31.01
81.36
10.59
26.09
95.64
37.28
19.96
60.23
79.72
39.97
17.99
49.61
90.35
46.7
12.51
5.94
42.82
33.98
95.98
47.51
17.52
49.65
48.64
12.6
11.37
53.23
20.8
54.0
50.16
20.75
53.06
92.6
0.75
1.61
39.9
90.83
37.94
4.54
49.05
35.38
10.03
36.36
53.03
89.63
41.96
58.5
95.48
24.29
76.36
15.33
6.34
99.75
34.0
56.38
23.49
71.08
46.0
69.89
7.77
97.48
30.7
41.74
45.13
22.48
26.8
73.42
3.24
62.85
91.36
95.57
46.66
72.83
93.6
84.78
92.04
37.17
29.37
67.73
96.85
81.14
21.03
50.32
73.84
49.18
35.87
21.64
60.14
42.13
56.02
42.06
87.79
28.66
70.26
40.82
13.4
38.08
35.52
20.77
96.05
49.69
19.11
40.52
88.55
33.07
67.37
87.86
16.97
54.49
94.59
91.03
72.94
26.59
18.09
73.26
66.88
1.9
50.08
48.14
63.79
74.54
26.62
53.34
19.21
40.89
90.14
10.84
68.16
7.08
87.4
45.53
19.22
65.92
72.13
32.33
76.78
69.9
83.03
49.64
36.31
84.4
78.12
78.52
29.19
34.36
21.75
0.13
94.24
75.15
17.59
8.0
59.85
62.79
74.96
69.07
83.84
88.93
34.58
7.23
2.25
1.77
75.14
22.99
18.09
37.13
63.77
65.7
93.97
36.81
26.52
68.16
2.33
17.23
46.96
96.26
21.48
96.87
69.05
37.43
42.89
37.39
91.71
95.22
71.87
42.79
98.98
64.17
18.57
46.1
70.86
26.2
76.0
57.29
21.49
88.57
17.99
67.46
47.96
35.36
93.75
46.26
98.28
38.22
92.38
98.36
63.18
46.41
88.4
27.69
81.53
96.68
23.66
60.41
64.65
73.62
92.19
86.87
67.09
21.8
79.53
1.42
53.99
17.75
48.85
65.23
68.72
65.83
48.0
42.51
40.42
88.9
87.64
6.52
40.15
30.51
14.32
38.19
53.45
37.53
59.22
78.9
24.82
44.96
80.96
58.96
81.95
45.13
97.91
71.38
3.55
1.66
27.44
25.2
50.43
9.58
5.59
56.4
37.96
47.67
96.28
40.31
70.94
21.69
87.61
13.58
25.07
45.73
70.66
59.75
3.58
22.09
6.01
32.14
53.37
81.66
48.46
30.42
80.88
82.35
32.78
89.65
63.67
75.09
24.26
12.21
67.18
89.28
37.9
8.68
24.34
19.28
42.22
6.09
40.75
30.41
43.03
55.2
82.75
72.98
24.12
55.62
4.09
75.44
85.32
85.91
86.89
50.41
75.33
89.0
60.61
90.59
8.15
75.99
4.14
53.16
80.79
18.33
26.34
91.7
10.56
6.61
5.75
89.82
1.24
20.75
46.9
34.04
4.44
25.57
40.41
78.93
57.23
89.01
75.84
85.01
65.29
82.9
30.57
1.6
24.22
15.66
38.73
90.58
53.2
37.4
98.16
50.89
61.88
14.12
86.29
86.81
73.91
9.05
12.33
73.63
37.67
52.82
89.35
89.19
3.88
13.15
28.6
53.28
71.48
76.43
73.63
95.59
62.61
77.45
38.52
58.04
58.25
27.42
10.66
20.26
72.3
90.26
70.95
60.95
58.9
13.51
76.97
99.19
12.56
67.03
98.93
96.67
92.8
72.9
94.15
3.18
27.65
14.95
27.48
77.39
11.94
24.64
99.39
57.48
1.41
73.2
55.2
90.09
1.38
80.88
10.12
96.51
70.54
77.93
92.69
49.43
80.85
88.17
91.39
98.91
88.94
8.54
61.51
71.13
17.08
5.68
2.75
90.18
34.19
23.1
69.28
38.99
78.79
7.34
90.76
10.82
43.26
95.64
21.35
10.24
48.51
65.11
12.53
54.45
51.4
68.99
18.06
8.12
78.59
31.59
0.83
51.02
70.85
52.02
5.97
6.67
77.0
23.62
2.34
31.85
18.43
65.83
74.65
81.08
31.36
6.68
53.41
37.02
71.11
17.38
99.65
67.69
78.85
58.85
89.26
29.59
41.6
80.85
78.56
16.87
36.45
63.82
16.69
56.81
32.94
63.75
98.27
65.86
64.69
54.75
48.37
99.24
15.94
81.47
50.97
55.16
73.09
75.69
99.11
41.64
24.96
16.76
78.75
14.39
83.16
22.95
51.75
21.71
68.97
35.7
4.47
27.53
65.05
4.26
24.26
10.79
74.51
88.81
11.2
99.22
2.49
82.38
74.43
38.09
42.63
13.79
82.34
53.53
89.84
49.83
67.87
14.63
56.46
82.27
26.87
44.21
29.87
94.62
89.49
51.77
29.07
73.9
16.88
58.3
35.96
22.77
69.0
98.17
98.11
42.37
19.9
9.11
84.67
76.98
22.74
47.26
33.37
16.4
78.79
60.07
38.06
19.46
26.39
55.88
52.64
36.01
20.11
24.57
31.09
98.25
56.6
57.03
23.63
24.84
18.24
17.28
41.03
3.9
19.68
29.34
0.67
28.26
45.33
20.05
60.06
42.86
93.57
72.64
1.96
57.81
41.9
72.79
47.85
2.13
18.38
90.94
2.13
53.37
91.51
68.87
64.84
93.33
54.47
49.1
90.24
16.33
21.65
77.08
90.78
63.93
84.07
40.58
69.31
67.9
73.11
92.62
14.22
14.75
43.08
82.82
16.23
56.93
69.82
35.93
23.66
59.79
48.66
45.12
38.27
80.33
62.34
35.81
39.99
33.25
95.03
84.02
95.92
50.97
57.96
76.57
24.91
63.1
0.88
61.74
80.88
72.41
75.01
64.4
21.3
72.32
24.01
26.85
57.49
88.88
79.81
38.65
96.28
14.75
8.65
71.4
64.77
0.05
90.44
64.2
66.28
59.36
81.27
30.76
82.85
75.91
75.46
8.88
23.33
78.57
89.7
32.5
77.25
81.33
1.1
70.59
26.44
28.48
62.54
6.3
76.15
42.22
93.42
4.56
98.52
69.55
0.46
25.52
51.22
68.35
64.32
93.06
5.91
85.86
94.5
8.63
10.17
49.28
97.44
7.79
78.51
11.11
25.06
30.24
32.28
87.74
8.95
81.74
1.44
22.3
76.41
45.65
71.21
61.21
31.52
4.88
65.95
35.15
82.25
99.34
54.71
41.4
58.25
25.21
66.77
76.9
10.87
64.97
32.19
64.52
83.71
58.1
88.22
10.72
63.98
33.54
29.74
69.95
60.54
1.46
15.64
84.97
43.78
68.37
84.38
72.82
40.44
51.91
23.03
51.35
5.39
87.19
52.94
42.06
73.19
54.01
68.6
67.84
10.92
12.11
61.94
79.74
1.5
59.64
51.3
7.93
28.11
30.57
69.14
61.3
18.26
87.0
71.45
51.69
66.9
64.46
72.36
49.19
68.63
78.93
56.72
82.43
26.75
92.63
71.89
24.02
71.56
61.57
11.49
90.72
25.1
50.29
55.58
26.82
55.92
90.77
73.21
67.27
31.73
33.89
55.64
86.2
30.12
16.06
13.23
82.71
9.74
82.18
65.41
81.6
6.02
0.08
97.84
67.36
97.3
63.99
87.82
26.24
75.31
27.21
96.56
36.95
93.61
34.81
99.32
11.01
78.93
40.99
7.38
31.53
38.88
97.99
29.34
10.6
42.73
79.79
91.02
83.11
41.62
54.32
17.02
13.24
14.39
81.74
10.67
40.03
82.11
11.95
85.2
98.51
80.68
33.27
37.86
51.76
22.88
57.29
68.03
54.07
67.54
21.28
88.48
86.41
77.19
83.86
81.57
23.75
78.69
39.15
41.14
36.23
63.49
96.52
79.05
47.88
98.01
40.99
74.16
90.22
38.26
76.22
73.99
51.65
60.94
76.05
99.77
76.94
1.42
98.01
11.12
11.79
5.59
97.0
28.28
98.02
70.28
54.29
33.35
13.84
35.76
48.12
23.64
44.5
54.66
76.69
62.43
57.15
20.32
52.06
16.94
42.66
51.57
58.43
43.05
96.57
60.73
51.99
1.28
76.55
84.47
40.45
9.38
32.93
13.97
47.44
18.32
7.89
82.25
85.48
56.76
6.09
67.43
98.62
69.63
73.42
80.09
94.45
3.45
4.99
99.08
88.94
5.14
45.28
93.57
82.33
12.0
44.81
31.4
24.09
96.77
31.99
39.08
15.36
53.83
76.41
81.07
73.39
89.68
10.05
77.81
92.85
35.12
43.68
4.65
85.39
62.3
32.59
54.23
88.5
96.18
33.56
56.77
79.45
78.84
15.39
24.59
96.63
78.19
20.45
61.73
59.98
46.43
60.55
78.04
71.58
96.79
80.32
68.7
86.74
10.4
20.56
30.9
25.45
67.46
14.46
17.55
67.78
52.03
25.98
67.44
41.61
2.45
63.14
64.56
98.09
76.72
48.83
95.69
45.08
78.02
70.12
99.82
8.3
70.16
13.09
64.52
38.56
48.24
92.76
58.01
42.29
68.51
48.13
52.45
27.09
61.99
32.27
71.85
5.43
80.76
21.54
64.58
26.36
57.55
59.68
43.06
23.25
62.03
4.49
14.27
67.64
96.16
15.87
89.65
70.62
88.15
50.06
9.64
26.89
48.6
82.08
11.68
23.38
65.47
59.62
21.68
31.21
16.82
93.66
40.76
51.25
37.94
87.51
38.8
19.69
69.47
56.51
38.7
93.45
23.91
45.02
96.99
61.26
54.95
6.64
43.75
87.24
74.07
20.58
34.09
84.36
40.58
62.32
47.29
14.19
57.8
65.98
10.81
42.21
7.46
45.96
46.11
10.1
1.44
99.98
35.08
87.76
65.8
70.13
63.59
75.93
3.88
89.23
95.61
60.87
5.8
20.91
38.89
99.3
59.13
52.35
67.88
52.8
7.16
31.23
67.38
88.41
55.6
70.85
19.77
62.91
16.4
11.32
87.88
27.43
79.61
44.66
38.43
1.68
35.0
74.13
66.7
27.08
9.9
14.29
39.08
20.74
33.64
43.74
98.62
36.96
5.03
75.82
81.59
17.4
5.21
38.87
3.8
2.98
10.7
86.92
6.88
29.02
94.02
59.47
52.76
78.79
8.64
51.92
71.21
63.97
17.79
45.73
67.66
87.05
42.28
65.9
24.48
4.29
97.67
60.39
36.51
6.94
24.53
92.01
46.4
94.57
58.15
58.21
21.8
38.54
24.6
49.19
63.63
35.12
83.67
55.66
79.7
64.34
23.36
26.26
90.06
64.53
60.91
70.05
80.15
28.04
53.41
24.4
54.17
62.14
40.41
0.47
55.02
41.85
92.66
32.19
87.04
95.69
6.2
94.52
42.25
52.72
67.13
9.21
87.76
36.77
19.56
30.91
43.66
52.68
53.11
68.97
52.56
64.75
66.02
29.86
78.73
68.89
99.77
11.02
17.34
26.88
92.13
15.31
93.21
24.85
34.83
20.48
6.4
78.56
17.9
23.3
49.05
17.82
26.62
70.56
75.44
33.56
23.76
68.25
36.63
47.06
51.25
1.77
70.24
59.72
68.11
46.28
90.88
46.69
17.85
84.24
32.51
12.28
46.12
6.14
88.11
65.04
85.8
34.57
43.0
92.56
87.01
11.38
24.56
72.25
52.13
18.61
66.72
15.49
7.25
48.32
38.04
14.06
86.54
10.38
21.41
38.83
99.3
69.57
23.87
49.66
12.45
81.6
60.4
42.32
45.1
26.55
21.32
62.69
62.64
45.2
72.95
94.6
25.1
23.79
86.87
18.94
20.37
44.99
29.4
48.4
48.44
79.83
51.78
96.88
80.76
54.85
18.75
79.75
24.4
6.61
14.76
53.2
98.09
64.85
71.31
34.54
77.49
13.68
11.36
81.66
65.14
83.56
20.0
59.34
56.25
9.17
52.51
45.17
91.84
0.29
83.31
43.21
55.43
3.02
53.64
88.85
15.49
70.25
9.11
79.81
59.34
45.18
92.28
26.51
52.44
57.91
95.94
38.3
6.1
68.44
43.65
57.19
31.27
33.69
66.65
6.52
52.93
76.99
11.93
36.29
31.1
67.37
63.4
46.77
5.55
12.09
75.23
95.04
32.9
45.51
79.73
58.09
77.06
92.77
87.56
43.57
55.84
42.46
83.12
19.17
62.44
27.07
46.73
36.65
54.29
54.11
80.53
50.55
94.41
75.19
22.33
80.0
16.15
77.01
14.77
76.0
70.33
67.64
95.35
19.51
80.34
63.62
42.88
41.46
50.34
83.27
22.26
21.87
29.42
14.65
60.09
14.21
79.69
55.43
76.12
82.41
13.13
40.14
42.99
47.32
36.45
33.22
57.56
43.35
66.54
33.69
97.73
82.94
99.24
67.72
42.68
52.24
70.25
2.01
96.28
88.82
76.32
57.67
80.73
1.0
46.14
90.31
45.04
41.7
69.05
37.91
41.86
63.81
12.7
68.96
56.25
55.66
26.32
22.04
44.5
44.06
22.88
70.01
38.14
3.49
94.26
24.46
11.03
0.03
52.56
38.28
75.3
15.95
29.96
55.3
76.85
9.79
88.81
58.59
27.51
14.02
46.32
50.67
8.47
20.71
81.89
9.22
2.02
96.28
70.38
1.54
15.07
96.05
88.79
70.02
19.02
91.94
40.88
54.26
8.37
89.14
0.75
50.25
2.79
61.2
4.14
69.6
73.2
66.05
30.94
1.61
99.79
95.51
1.59
45.09
54.16
31.46
14.33
62.64
19.03
58.48
78.91
39.01
94.74
13.22
6.85
79.69
43.56
61.4
75.28
91.42
88.6
11.7
78.83
58.02
23.47
78.05
55.62
5.39
25.54
8.92
50.01
3.15
9.71
66.5
64.02
16.71
55.02
39.03
51.74
72.25
82.47
33.05
18.26
13.09
91.47
70.41
61.91
60.36
28.45
84.18
69.79
61.51
86.44
25.66
3.72
3.73
38.68
80.76
52.08
51.82
11.36
10.55
38.5
84.29
37.99
16.31
34.44
72.14
47.65
53.46
97.69
94.58
7.99
14.97
23.74
37.89
19.38
24.84
65.76
48.96
55.11
63.68
37.03
9.0
34.22
99.73
99.35
35.03
95.02
87.29
77.19
63.9
22.42
6.84
49.05
77.6
37.18
9.37
49.77
21.87
93.82
24.56
22.59
56.28
2.62
14.27
45.32
10.5
97.53
37.01
73.68
86.52
60.14
72.69
57.79
47.83
12.87
86.63
63.3
36.02
56.07
95.29
40.39
34.72
98.66
55.7
28.59
18.54
77.34
14.36
34.25
59.63
79.13
54.68
44.6
75.66
20.55
71.07
13.34
75.6
63.48
37.0
28.26
36.85
31.37
45.58
10.66
60.16
30.66
76.73
3.3
28.42
26.25
35.13
37.43
53.58
83.92
37.49
16.68
33.47
23.6
76.71
33.14
98.7
94.95
32.74
26.36
46.02
29.92
92.88
29.44
52.97
97.24
93.19
62.05
93.22
55.12
8.17
71.13
46.09
32.24
97.64
75.48
78.3
97.46
88.87
12.51
81.84
40.06
89.17
1.22
11.24
70.47
53.68
12.71
15.09
13.24
31.64
75.12
95.86
33.09
95.35
31.15
5.43
61.28
77.3
37.04
84.56
19.89
47.51
8.16
60.02
9.13
75.96
89.11
96.43
32.13
46.3
19.8
32.69
25.98
48.48
87.2
77.2
40.68
76.36
53.82
17.24
97.07
15.37
51.66
42.13
78.04
1.44
63.69
63.09
52.82
8.29
62.96
62.97
77.41
41.29
83.32
43.21
25.58
25.1
57.16
15.13
60.62
57.39
9.06
55.07
27.65
25.77
52.32
10.0
0.77
73.35
42.72
99.95
55.59
22.3
53.27
11.78
27.77
47.11
87.74
62.84
30.83
87.53
91.38
30.22
27.71
24.87
42.15
72.54
1.67
19.22
61.39
31.66
86.53
2.09
52.91
42.19
88.36
3.9
37.94
85.5
23.15
76.78
35.49
17.13
2.66
0.84
0.47
8.13
29.25
62.62
24.99
29.93
54.96
2.03
78.6
47.12
86.81
6.57
61.36
61.08
8.97
65.11
75.84
77.58
34.61
74.35
97.02
41.35
88.78
54.64
28.88
41.3
34.8
25.26
19.45
76.73
54.64
15.38
5.8
16.78
18.51
12.03
22.37
57.7
94.38
0.33
3.51
80.21
58.94
31.49
36.74
47.63
37.88
59.39
84.72
9.08
35.96
98.26
39.26
78.99
41.67
96.4
13.88
66.11
66.2
42.51
15.22
55.91
40.51
71.25
30.91
22.77
30.98
10.52
83.38
45.02
8.07
97.9
71.35
62.2
0.64
36.1
99.4
41.05
81.3
95.0
88.81
8.09
39.87
9.84
92.78
17.16
97.95
27.98
61.55
47.21
68.71
52.84
10.31
79.64
96.49
69.38
19.97
43.91
71.79
48.09
47.29
85.08
69.2
53.5
75.58
93.62
54.06
49.13
76.35
11.11
8.78
68.69
94.4
59.87
76.8
39.55
32.02
94.18
24.7
48.64
9.1
34.39
45.89
67.22
6.82
59.51
18.64
40.58
85.41
41.67
22.17
2.71
31.13
36.7
55.38
70.3
85.97
63.0
80.81
30.32
25.67
95.42
37.61
38.52
33.29
57.1
39.26
46.71
54.9
72.13
35.42
62.16
67.88
50.61
76.79
78.36
74.66
82.99
93.15
7.38
3.46
21.2
78.11
48.39
95.05
12.73
34.75
94.4
79.05
50.9
97.9
77.26
28.36
85.31
48.39
42.17
23.48
49.66
15.21
20.83
60.26
85.65
50.69
59.49
55.18
25.72
87.76
5.05
66.44
25.44
9.46
97.1
86.19
82.39
15.1
52.87
19.94
50.01
41.62
30.13
14.04
98.25
3.94
47.02
3.21
21.53
3.15
47.62
93.8
2.39
58.48
57.39
60.33
45.41
24.88
51.23
95.2
94.49
43.2
4.48
61.82
42.91
7.35
49.74
71.52
80.24
74.08
58.49
11.05
87.29
50.48
50.0
24.79
35.32
45.07
73.82
96.29
79.14
89.97
55.88
90.07
61.91
4.21
12.71
32.46
62.04
31.17
48.27
39.91
56.59
3.78
12.2
68.13
47.97
72.24
57.36
69.54
17.66
29.67
12.61
62.89
83.57
52.63
66.92
85.44
71.92
8.16
85.16
13.26
73.59
76.14
23.27
35.28
17.49
62.96
37.67
28.65
98.12
58.79
51.17
11.2
31.89
69.41
40.98
7.01
75.83
6.13
0.71
48.97
79.5
49.13
52.24
65.23
28.52
18.67
7.81
92.37
44.07
51.43
90.47
6.79
21.96
82.62
10.18
77.76
23.72
31.51
32.18
75.66
40.96
44.95
45.08
4.66
61.81
18.88
27.24
79.91
41.8
65.12
2.14
57.09
48.27
87.89
36.29
52.32
22.81
45.31
33.93
26.8
49.03
42.44
6.64
81.95
73.25
90.46
30.36
63.05
32.01
75.9
39.76
30.41
46.74
58.7
63.81
43.53
51.5
80.67
87.2
28.08
76.37
53.46
92.4
2.11
96.99
36.56
7.46
99.51
53.54
50.52
36.31
52.7
63.56
97.01
74.09
23.75
94.78
31.54
29.15
16.66
66.3
87.42
36.89
23.21
19.49
17.65
48.73
3.12
66.41
58.96
30.42
85.68
93.72
66.73
82.35
47.14
5.39
97.78
62.62
17.62
28.12
98.15
30.71
78.58
61.05
20.59
9.34
35.76
17.1
28.45
5.82
50.01
39.03
43.42
61.06
28.02
91.26
34.62
48.76
14.02
72.27
30.7
44.56
62.12
69.63
67.52
59.22
22.97
89.88
7.43
44.56
57.79
30.48
2.54
31.97
11.17
26.74
27.32
35.63
87.75
16.62
62.61
96.22
35.65
88.03
55.9
98.56
45.75
55.89
57.72
26.74
1.32
77.42
84.94
28.67
18.56
25.82
1.96
98.41
18.81
19.22
14.1
51.19
48.4
31.2
88.57
26.8
61.1
81.06
27.62
41.49
11.99
90.33
78.3
89.65
67.77
58.41
71.8
31.45
84.74
97.15
84.34
68.89
52.0
74.09
2.6
91.35
13.55
58.02
52.35
94.46
31.16
99.8
85.41
45.72
6.0
1.47
4.08
44.96
45.11
70.19
24.8
75.21
38.72
39.94
82.23
98.36
91.49
39.27
49.23
64.51
24.23
88.92
51.08
37.44
83.93
56.61
40.59
32.15
13.38
84.75
46.83
15.42
12.49
1.66
7.24
5.78
49.32
27.36
71.74
52.38
40.8
68.34
80.56
16.96
61.33
36.97
72.37
11.42
62.84
12.56
60.99
3.98
79.09
3.9
61.42
60.47
66.93
5.41
11.48
55.33
27.36
8.25
83.33
50.72
46.83
44.36
40.15
23.94
41.01
26.22
11.35
97.04
80.37
16.53
46.61
60.95
25.0
26.33
41.0
58.08
22.8
54.66
74.11
16.03
5.49
10.29
59.2
9.06
17.25
8.27
5.85
25.83
9.9
85.51
41.53
78.84
56.44
13.28
55.67
87.86
18.07
50.8
65.73
29.66
21.81
1.35
53.77
37.32
31.79
89.02
24.02
94.03
23.97
35.28
75.15
76.72
67.31
47.18
74.08
2.49
24.17
42.12
29.76
16.65
88.77
47.22
2.04
18.91
13.26
53.4
69.99
58.33
2.51
70.64
88.92
58.82
19.37
81.65
12.57
47.56
17.46
40.47
82.1
8.69
41.91
95.04
63.44
53.05
73.42
51.98
33.77
94.33
69.41
99.5
94.55
84.91
67.52
31.37
94.55
38.36
43.95
12.66
1.37
65.8
44.5
30.63
60.6
30.76
11.36
18.32
89.59
86.92
84.31
20.61
37.92
53.98
7.84
40.52
26.73
31.57
61.1
8.48
77.87
83.08
30.4
30.84
68.37
86.32
14.48
36.52
59.26
51.99
23.12
3.22
33.95
21.58
11.4
16.75
32.76
21.45
16.13
61.07
47.64
79.29
44.71
86.9
56.38
82.59
60.76
94.94
45.76
68.69
60.02
7.33
74.13
61.72
92.85
66.94
25.92
51.94
52.31
64.99
74.32
73.32
38.94
79.8
37.22
72.0
73.35
47.1
35.0
74.1
76.26
88.03
33.83
26.85
26.28
68.18
85.17
98.23
86.7
37.15
79.53
87.07
97.11
23.87
50.21
70.65
35.94
79.43
78.96
36.33
31.09
22.21
10.16
33.71
33.86
14.46
39.5
53.4
61.22
89.35
20.67
51.02
4.43
38.18
79.91
46.91
23.08
54.42
62.48
93.56
9.66
11.47
73.48
73.6
2.49
58.97
95.83
35.58
72.66
22.88
25.05
16.49
10.28
54.38
88.54
92.62
19.13
65.19
84.89
91.48
73.96
50.55
21.68
13.9
79.79
71.96
60.35
39.46
22.26
56.1
52.58
89.42
32.26
71.35
21.42
51.56
83.55
97.21
62.81
51.46
72.69
54.4
64.2
81.67
14.47
66.18
87.81
70.5
37.8
95.98
15.47
34.03
43.73
75.97
21.31
3.18
73.52
32.14
53.44
58.46
13.28
90.88
10.38
68.4
51.23
87.07
4.81
93.12
23.39
64.87
83.25
31.7
87.96
72.95
84.21
78.91
48.61
14.86
96.61
64.39
79.06
95.02
1.98
36.55
24.87
33.68
97.38
83.38
29.97
34.02
65.92
88.32
11.49
0.75
12.8
79.95
19.61
72.68
87.69
86.98
70.68
23.61
11.78
31.06
3.83
8.22
3.21
37.56
81.89
38.07
70.46
13.36
21.59
8.21
57.57
7.73
89.72
69.29
54.55
61.58
19.38
43.07
45.04
74.29
23.81
81.51
98.8
41.36
41.4
35.69
64.73
1.71
88.7
59.49
45.3
62.16
30.17
49.82
90.49
77.15
27.83
67.3
29.9
31.23
49.34
70.62
36.46
36.69
17.4
85.01
67.4
45.05
1.14
16.01
8.15
84.49
98.48
47.88
45.52
46.85
38.0
64.72
83.86
79.98
7.24
10.71
78.66
0.26
56.82
85.65
53.04
41.53
25.68
93.07
95.24
20.38
23.55
71.87
12.82
94.02
68.87
39.17
3.01
55.64
83.95
72.61
40.26
99.27
62.65
14.76
8.44
46.0
37.4
70.67
18.44
5.06
2.67
57.89
36.93
42.22
75.47
71.63
66.56
75.09
91.61
92.37
42.99
42.26
24.5
87.88
26.22
24.51
37.98
67.31
65.17
17.3
38.75
15.05
9.27
98.95
99.87
85.15
32.85
70.13
63.39
16.68
67.55
42.19
11.81
0.3
68.28
2.35
1.95
60.59
35.76
65.2
47.67
14.48
78.74
72.16
20.3
59.95
5.5
53.8
69.91
38.95
35.31
21.3
7.85
2.53
45.11
60.03
57.52
51.82
49.65
52.67
37.76
39.07
45.64
13.98
8.94
67.57
3.58
84.2
11.41
8.92
95.55
78.46
75.5
16.43
96.09
41.24
44.24
18.32
95.24
43.6
20.22
2.63
46.95
31.47
29.28
40.99
75.2
89.17
52.82
64.86
51.47
14.61
35.49
57.44
53.78
63.33
76.55
28.91
71.23
14.45
30.73
77.74
63.72
76.49
25.8
8.17
63.08
11.67
79.95
32.11
82.49
96.11
70.46
23.42
60.7
91.03
56.88
25.17
43.7
71.62
65.37
30.48
6.6
91.83
16.81
40.89
96.38
12.1
69.23
1.58
95.63
19.55
93.54
59.28
40.19
75.76
16.81
63.73
22.97
12.98
22.83
99.04
26.41
54.73
62.12
90.76
71.86
2.21
35.28
63.08
64.08
80.64
2.82
24.97
73.85
87.01
96.57
62.36
96.98
73.33
42.92
45.55
0.11
23.96
45.09
80.21
60.06
46.03
91.7
80.07
59.15
67.86
2.75
9.7
26.71
5.21
15.33
45.32
20.93
10.65
65.01
4.87
75.23
17.29
3.17
85.09
85.34
11.47
18.06
42.51
64.72
81.62
81.23
6.36
31.15
1.12
9.65
98.62
87.18
72.13
70.94
78.48
53.56
78.04
39.6
83.34
95.58
52.78
95.25
72.06
21.5
37.69
63.24
58.54
21.34
36.07
83.34
6.79
36.39
12.23
71.09
8.99
27.62
65.22
31.91
92.03
21.94
67.73
91.06
3.16
2.56
86.3
14.63
3.64
60.46
32.88
69.54
12.96
6.1
9.18
70.41
59.16
66.3
5.41
7.78
5.68
1.25
31.67
94.3
61.4
3.61
37.38
75.39
81.52
68.41
48.74
99.02
5.54
84.68
71.94
2.5
78.47
57.43
72.94
47.03
95.37
10.57
76.82
38.92
8.74
5.27
88.59
12.46
74.19
72.75
11.61
33.02
36.55
4.36
73.9
84.52
15.62
99.99
24.83
84.7
82.66
45.11
52.4
39.3
50.26
17.08
53.52
66.49
48.57
83.89
1.61
39.28
3.02
79.43
91.96
73.39
27.21
35.15
11.38
77.81
11.89
34.83
9.59
73.08
36.29
64.09
46.27
87.38
2.37
22.77
5.35
11.39
42.03
70.21
80.83
9.33
76.74
10.86
66.66
62.1
69.21
72.28
20.55
61.49
7.17
7.46
69.59
16.31
15.56
16.31
23.12
62.16
18.3
41.14
89.79
95.07
25.98
18.88
9.08
32.41
45.35
89.29
29.13
52.62
33.75
19.36
96.12
42.81
16.77
72.85
31.46
54.14
87.71
8.12
22.71
36.1
17.38
56.69
16.76
69.08
90.11
41.0
5.09
16.62
40.3
23.86
52.1
29.7
12.31
15.14
78.12
52.6
91.17
3.47
24.99
77.93
35.24
72.56
51.19
15.43
34.16
16.47
55.78
42.32
44.98
35.97
3.89
72.91
63.08
3.95
91.78
3.45
48.27
61.52
96.29
75.18
2.68
31.22
56.34
14.81
32.22
26.25
7.49
16.66
22.68
11.04
60.04
25.73
2.34
42.91
86.52
87.36
57.36
76.34
26.91
53.62
68.77
20.92
85.5
18.95
90.79
77.65
19.18
16.51
5.83
83.97
28.66
22.71
3.32
43.51
68.29
96.37
87.25
51.73
58.75
43.8
60.43
73.54
48.71
49.58
88.41
43.9
12.13
49.21
76.24
92.56
31.81
27.64
30.53
89.21
23.1
75.07
69.53
30.94
52.83
45.44
18.49
49.93
32.44
51.21
71.66
58.32
56.75
18.89
41.52
55.96
56.87
75.07
70.33
25.37
97.81
51.16
22.33
35.37
21.74
38.03
10.43
59.39
50.78
99.79
73.9
6.44
97.04
75.74
42.6
11.97
90.57
50.74
71.72
59.21
48.13
76.98
56.15
28.94
34.94
26.82
62.09
25.39
5.29
28.45
68.25
45.05
70.81
38.19
58.51
66.79
72.14
70.64
2.44
52.84
24.53
7.74
50.13
61.22
40.49
71.02
85.91
80.19
40.73
50.64
88.91
26.5
25.13
9.37
60.38
45.88
44.61
25.1
22.91
66.83
92.46
65.65
9.42
30.16
76.5
70.16
46.48
45.96
99.51
3.87
50.72
98.69
48.74
21.41
48.51
97.7
66.46
86.5
85.1
94.7
63.62
84.32
2.35
35.0
38.97
78.32
84.14
52.19
79.89
50.77
18.42
61.53
13.49
48.2
65.41
21.01
17.18
28.3
33.39
62.96
53.85
64.26
84.71
34.9
96.74
60.84
90.69
92.67
70.83
84.48
5.15
40.81
75.9
90.88
88.46
5.38
62.72
9.2
99.89
74.04
3.87
3.45
6.36
28.11
79.55
26.58
39.11
81.81
47.42
74.11
60.18
2.29
22.02
10.7
36.15
16.93
14.94
4.15
38.5
49.79
28.29
59.88
72.64
70.98
3.78
34.57
55.09
89.71
2.55
54.67
63.4
66.7
35.69
53.1
9.34
99.91
48.75
81.95
5.45
34.18
74.7
14.18
4.49
96.23
70.86
8.06
72.75
55.76
73.76
25.69
52.78
70.0
21.36
49.51
54.62
69.63
61.19
14.94
37.74
77.89
63.9
7.65
49.16
26.23
57.36
30.88
3.86
99.63
55.61
43.61
33.32
70.0
69.85
52.25
89.49
35.64
13.88
7.77
94.01
32.12
43.91
18.35
91.21
12.0
36.01
53.73
31.52
94.37
15.07
11.63
7.56
39.37
90.68
77.52
61.96
56.84
81.87
65.27
6.68
36.27
10.85
90.9
96.14
62.33
89.79
93.83
31.08
68.49
60.87
5.37
86.8
94.98
58.92
34.48
72.17
98.12
42.7
61.26
91.08
97.1
21.74
26.23
64.25
50.6
84.47
74.63
81.27
1.94
93.12
73.72
47.97
25.15
30.46
49.35
86.63
22.95
2.27
15.5
32.21
82.51
8.44
38.03
55.46
23.61
41.95
93.0
0.32
45.42
96.42
67.63
38.1
61.88
29.22
23.65
89.42
55.64
33.29
32.95
90.7
61.12
24.12
65.96
84.52
62.31
48.27
91.29
47.62
14.45
80.38
78.93
72.05
18.03
36.43
38.67
91.22
26.19
97.56
61.36
91.89
62.93
55.07
98.78
10.81
39.39
32.07
20.76
48.34
62.46
55.12
74.76
13.34
71.08
28.74
78.2
86.0
70.42
53.46
81.53
65.56
27.28
53.93
27.42
78.65
75.49
32.2
6.26
27.23
62.75
61.39
86.37
24.49
4.56
62.95
95.4
74.75
65.94
66.75
35.04
16.03
60.1
46.62
85.31
72.77
48.0
45.87
51.35
62.92
41.89
56.57
0.29
48.98
93.78
0.66
3.28
88.47
23.2
36.45
44.87
19.59
39.63
69.2
40.72
91.37
99.69
42.86
48.28
44.4
20.15
11.86
30.5
22.03
30.99
48.58
87.16
98.59
28.86
85.81
9.23
91.25
12.31
45.79
24.88
76.36
35.75
5.78
70.63
27.67
21.15
30.43
78.96
65.15
27.12
13.35
61.97
49.43
80.11
46.71
44.23
91.14
49.59
31.75
76.34
80.49
38.1
6.59
0.32
16.88
97.49
3.53
33.91
31.99
26.73
17.55
77.79
21.75
69.5
24.31
43.05
12.03
6.35
86.06
39.4
53.92
25.02
36.17
59.84
62.53
1.16
87.51
36.26
17.58
4.82
72.48
72.29
88.38
90.42
37.5
29.31
48.26
0.68
30.61
0.53
5.95
24.77
23.73
54.12
38.73
82.04
44.42
93.94
13.34
0.77
70.25
28.24
71.34
36.66
6.9
82.43
40.6
53.21
18.23
3.57
41.87
5.99
80.66
72.65
23.15
2.32
91.79
35.55
60.44
8.64
65.69
46.37
5.79
73.37
5.71
20.36
43.86
58.35
20.68
62.35
14.46
98.2
55.54
37.29
56.89
0.3
99.11
2.15
63.03
35.8
26.34
64.17
39.78
61.62
55.33
91.84
51.91
26.19
78.41
58.38
16.58
87.58
52.96
11.2
69.26
62.74
75.68
19.52
74.34
46.76
61.25
61.16
25.06
28.39
74.06
97.72
69.25
58.78
17.95
85.32
53.97
48.11
7.04
95.79
53.23
72.24
49.89
14.05
51.62
27.08
78.38
74.67
6.41
13.89
27.9
88.27
85.86
64.36
14.38
65.3
16.2
33.03
90.37
68.85
57.89
71.4
27.73
55.15
11.18
61.73
70.25
73.46
96.01
82.55
83.1
8.72
76.94
89.37
31.98
7.33
40.59
18.19
4.97
99.34
72.93
28.18
79.32
11.46
37.52
32.77
90.72
20.51
66.25
89.65
1.1
86.24
49.76
58.49
65.19
26.16
24.69
60.09
71.31
45.96
51.31
14.8
14.33
54.85
47.04
11.97
57.06
60.47
30.94
86.86
81.88
21.99
89.99
61.9
1.78
73.44
89.71
67.03
29.63
83.1
14.38
22.09
22.23
56.19
44.06
23.06
35.56
23.78
11.16
43.04
44.31
78.19
46.01
43.44
78.19
21.34
20.27
29.04
56.07
29.13
8.45
6.62
30.15
40.61
65.11
18.17
8.9
10.06
1.91
90.48
39.03
82.21
4.68
9.63
47.59
78.71
89.52
60.25
32.58
50.13
61.15
84.5
38.93
50.57
76.13
11.9
73.82
57.03
30.55
69.33
92.74
28.72
25.28
70.13
36.86
99.89
28.06
61.29
95.89
97.33
82.99
14.09
24.94
44.4
23.75
64.88
68.12
0.23
45.17
61.29
19.03
30.11
97.35
1.19
39.6
86.98
41.66
23.89
69.77
53.0
45.77
7.8
62.0
20.09
47.28
36.79
25.59
5.62
6.52
84.31
12.43
29.35
25.83
81.81
4.51
61.46
93.23
86.58
73.98
63.69
87.53
45.86
27.5
81.25
89.79
20.48
74.9
60.91
43.34
89.09
79.4
30.65
22.84
88.55
76.57
0.81
1.29
21.51
68.52
95.9
53.85
47.71
5.1
63.32
31.57
78.5
2.18
75.59
32.67
82.54
6.61
76.56
3.92
28.26
6.26
94.23
39.75
92.22
81.72
26.1
72.37
7.82
87.32
16.77
91.82
4.17
35.0
4.27
29.46
22.91
28.58
93.49
7.09
72.16
8.0
72.96
94.23
98.07
12.07
9.09
28.07
43.52
5.01
19.2
3.25
71.75
58.5
34.81
77.97
31.78
20.22
39.23
96.59
81.19
55.09
78.16
34.26
62.35
5.11
34.27
58.25
90.31
49.89
35.6
54.96
85.02
99.82
87.16
16.83
99.61
8.59
91.1
53.01
33.76
68.31
99.38
59.3
88.64
6.97
74.89
25.96
92.97
53.53
19.74
96.66
49.64
54.55
54.21
30.18
62.6
13.86
42.57
26.79
12.94
9.13
22.22
39.36
61.95
34.56
59.24
95.52
94.6
84.98
67.03
6.44
8.24
45.95
56.03
40.85
32.39
10.08
33.81
85.18
5.58
40.77
60.15
97.73
16.3
72.25
69.58
35.44
81.9
49.87
33.08
95.2
25.34
99.0
56.41
90.5
0.71
6.17
78.24
44.34
94.13
25.34
75.43
30.1
9.88
17.45
11.28
28.42
55.26
74.34
52.32
40.98
5.49
95.91
12.81
53.88
95.13
33.81
19.58
29.86
13.4
12.12
32.92
81.92
64.1
81.26
23.19
52.1
44.37
28.71
42.2
79.04
33.64
95.23
66.82
13.17
70.56
35.31
72.4
78.86
62.82
76.16
28.33
58.0
66.83
84.02
52.93
51.0
81.54
41.09
71.14
70.61
45.89
91.66
37.89
80.5
3.47
84.32
34.1
13.28
13.26
55.23
93.11
4.13
90.81
58.57
31.37
17.94
6.03
99.9
37.66
83.18
5.32
82.2
55.91
50.72
28.8
72.88
22.91
51.41
96.4
76.95
89.0
21.48
59.27
81.45
55.11
7.86
11.86
64.38
40.72
82.39
63.8
69.0
53.78
6.62
48.03
26.48
48.1
17.55
76.33
44.83
12.17
98.13
64.79
18.39
11.46
29.69
68.36
27.73
44.46
0.29
7.46
11.96
86.41
9.39
68.36
36.57
67.67
68.2
86.99
85.14
76.13
86.96
56.64
68.43
65.74
44.47
68.1
51.38
89.21
38.61
15.94
68.73
49.49
25.47
23.94
64.22
27.34
1.98
35.19
90.44
32.39
59.37
55.18
50.24
8.94
99.51
59.06
86.34
57.5
58.29
28.21
78.83
94.99
95.23
89.0
46.37
92.02
89.94
72.39
26.05
40.62
74.62
25.77
80.3
81.93
66.91
76.15
28.18
85.37
80.57
65.94
97.44
38.41
17.12
55.56
29.97
26.91
17.5
0.5
40.58
99.28
17.88
72.36
43.92
23.64
64.51
65.77
34.89
58.98
20.39
23.21
2.89
64.6
80.35
76.33
46.62
95.58
7.98
80.18
53.42
8.98
26.81
25.2
79.0
17.0
60.78
15.66
11.45
78.04
17.76
51.95
93.74
29.71
0.02
26.43
12.96
11.07
56.16
83.6
1.96
14.68
50.42
2.7
52.82
97.71
19.67
70.01
90.39
53.26
27.67
25.1
26.11
33.48
14.57
28.8
63.33
58.77
48.77
64.46
25.14
65.23
22.05
88.71
48.24
98.76
63.8
43.99
37.1
80.77
43.46
23.7
9.84
97.94
42.97
26.49
31.24
88.96
20.36
22.6
96.76
29.45
8.27
98.85
45.62
8.65
66.63
27.39
63.87
89.42
40.33
29.22
8.88
96.18
34.49
28.05
94.99
31.51
0.23
12.38
38.39
51.44
29.48
46.4
17.65
22.33
88.49
87.97
17.87
24.98
28.97
21.77
22.05
66.61
34.31
80.82
75.13
55.04
38.43
5.04
53.19
49.95
52.44
3.48
83.45
8.01
13.04
69.48
13.84
56.77
74.16
97.95
2.2
9.39
7.53
31.49
68.42
25.38
99.23
19.74
73.39
77.53
20.11
15.33
85.33
74.55
89.78
71.79
60.93
3.57
68.13
12.96
32.78
95.95
92.69
60.58
78.45
54.77
42.77
92.57
44.94
63.82
40.84
3.78
1.48
5.34
86.41
39.01
90.52
60.38
66.76
2.9
99.92
18.38
6.31
59.79
45.75
35.52
10.08
87.52
7.65
92.42
95.2
36.99
70.67
11.96
56.42
10.19
85.73
84.35
70.52
39.77
13.68
68.33
20.12
45.31
76.81
75.08
1.8
11.22
93.68
74.71
35.5
68.83
85.58
7.78
26.57
52.18
92.64
85.9
38.11
39.08
92.27
98.48
46.06
38.46
47.62
20.29
68.91
18.71
41.56
12.67
18.2
19.04
10.73
72.54
39.42
5.61
82.22
13.4
94.53
97.51
35.26
4.69
6.48
43.59
94.9
52.01
43.81
69.46
8.96
66.06
16.99
76.64
72.76
39.96
34.01
93.7
74.01
49.16
51.46
49.97
84.76
87.83
8.43
29.7
82.91
42.89
53.13
95.95
60.52
57.51
90.49
75.77
70.86
23.77
84.12
89.54
79.36
75.46
76.54
84.43
30.17
43.29
30.63
73.0
52.45
48.29
4.03
17.39
14.59
29.96
76.47
70.59
12.16
89.59
82.68
47.11
66.84
41.76
63.53
55.17
2.75
63.97
95.22
94.13
56.21
3.03
88.15
51.89
80.7
84.57
29.77
30.41
6.87
44.74
33.05
20.18
13.54
97.89
85.09
78.84
14.25
20.91
70.34
87.54
73.96
42.69
8.58
22.18
82.46
93.17
40.29
97.26
60.66
72.59
60.11
24.5
40.63
0.95
90.29
41.79
35.87
26.4
89.73
65.52
5.99
25.44
16.54
48.64
26.58
31.17
52.31
66.67
59.91
43.13
59.13
15.62
7.26
89.58
34.85
16.43
16.21
76.44
34.44
13.01
40.78
8.41
33.85
46.38
37.14
61.6
38.99
63.31
61.62
44.42
19.73
63.26
49.22
10.95
36.59
64.76
53.93
60.36
86.33
93.66
13.18
40.39
84.64
92.09
17.15
48.5
80.89
58.43
83.86
49.07
89.24
78.08
89.77
92.74
49.7
87.39
25.51
97.56
98.9
55.28
35.68
98.51
48.64
12.65
68.79
36.33
45.55
90.49
96.49
56.95
18.44
27.73
94.44
16.73
57.98
16.1
25.08
92.93
9.62
26.06
29.23
80.04
2.12
7.05
85.22
59.06
68.84
47.04
16.65
66.99
61.63
26.26
41.01
95.62
80.47
26.21
8.32
67.94
27.86
18.75
88.02
91.45
5.02
13.24
67.9
2.87
60.77
66.95
4.94
32.47
46.71
65.71
57.69
34.96
63.42
74.62
37.5
17.73
6.09
69.4
85.88
19.43
93.51
87.84
12.92
75.13
88.43
20.44
13.78
50.41
29.13
80.23
89.92
51.85
12.06
91.27
43.94
86.91
43.64
51.32
24.63
43.34
36.9
63.87
73.86
42.44
80.44
17.76
42.73
23.06
59.3
99.43
36.24
10.72
11.29
46.67
92.58
3.36
5.07
21.92
66.56
44.98
78.18
74.93
8.67
0.95
4.74
84.14
72.97
60.53
5.07
59.16
40.19
30.91
19.73
99.1
32.83
20.42
14.21
38.49
66.85
4.29
14.71
19.97
70.51
68.69
94.16
31.54
0.08
87.08
39.06
89.07
4.23
13.0
6.03
11.42
54.12
21.89
2.14
73.74
85.72
2.69
97.76
54.41
77.24
15.25
80.92
1.89
60.13
56.79
44.0
50.36
91.13
26.13
30.48
5.1
53.39
54.3
37.38
94.62
29.35
39.02
10.26
51.73
85.19
44.19
32.16
34.3
10.41
93.44
69.28
39.73
6.59
5.13
24.1
69.24
71.69
2.04
13.97
87.38
27.36
40.1
84.23
49.9
21.7
85.36
99.88
50.65
99.79
90.29
51.74
90.05
6.44
28.02
66.82
84.16
45.2
18.1
96.12
2.03
56.13
61.42
36.24
94.08
59.89
65.62
26.86
50.24
9.22
45.77
35.0
91.03
89.21
92.05
9.57
36.62
55.17
91.62
95.99
43.39
37.4
66.48
52.2
97.19
88.28
32.01
32.16
87.87
72.78
66.25
93.66
28.65
5.49
67.97
17.34
74.71
7.24
86.68
23.57
55.91
2.29
33.96
20.27
65.92
60.86
0.16
84.12
44.89
71.34
94.26
2.2
25.71
43.52
12.37
43.4
32.41
89.21
27.27
47.77
90.98
81.25
71.66
4.07
33.98
23.83
84.31
8.95
54.9
2.87
26.71
49.64
91.59
87.43
14.89
72.01
51.92
98.05
39.14
89.57
41.4
78.56
89.9
35.85
3.15
56.81
2.87
74.72
17.43
78.9
55.6
32.77
22.15
88.49
2.16
77.6
78.45
43.04
71.77
87.52
79.99
12.01
41.72
20.98
66.08
85.87
49.86
56.84
43.44
4.34
34.8
23.36
15.63
83.79
93.99
18.5
49.54
88.94
1.7
23.2
31.11
24.29
88.55
69.72
44.98
43.11
97.75
92.91
27.86
91.83
10.32
75.81
47.57
52.63
54.34
19.77
71.61
35.66
33.02
49.01
39.4
24.55
86.74
23.56
98.58
66.68
31.17
1.38
2.92
65.94
62.06
99.33
13.17
84.65
78.86
76.14
14.94
60.7
90.85
85.96
84.47
70.53
5.4
76.63
96.59
28.88
99.8
46.36
42.53
70.47
83.84
53.16
53.69
2.23
70.18
45.52
59.27
9.33
84.89
62.41
12.12
8.52
68.04
26.73
26.22
39.24
5.88
98.48
95.48
84.02
12.14
88.54
67.95
64.62
8.82
27.04
4.2
29.52
56.45
6.68
99.08
54.49
0.84
22.7
13.62
33.68
22.46
50.58
38.0
37.22
42.42
96.54
51.26
61.13
13.58
4.29
56.6
6.31
98.86
22.46
30.07
25.64
19.79
25.98
66.71
17.38
83.04
47.38
57.21
19.07
3.97
64.8
49.88
65.08
26.04
2.42
27.16
53.25
95.74
7.52
66.65
99.55
64.45
64.07
63.52
81.2
7.78
59.18
44.91
58.85
86.97
68.32
55.78
5.35
82.73
75.49
22.95
90.5
52.2
53.82
30.2
90.91
87.59
12.54
12.53
62.08
11.53
82.18
65.28
14.82
45.55
24.15
27.78
87.36
23.8
88.03
99.35
13.22
40.85
53.99
53.14
88.39
37.62
49.71
0.01
88.08
34.16
83.45
59.2
23.65
50.26
74.27
18.15
21.15
29.24
10.1
94.6
18.09
38.64
76.97
26.24
51.47
86.27
98.1
89.75
9.79
22.55
46.44
27.04
65.34
65.41
82.0
7.12
56.56
28.58
74.38
21.85
73.99
37.67
40.01
51.78
9.67
19.32
82.08
81.37
64.69
76.12
63.41
24.02
70.07
53.34
38.13
85.53
86.5
18.97
19.56
87.07
11.28
40.07
53.91
83.71
55.4
80.09
43.88
22.23
70.31
86.3
37.01
99.96
39.12
77.5
87.16
62.04
82.81
6.04
34.31
30.78
96.13
99.94
77.65
68.14
20.08
76.18
27.21
24.77
91.29
5.92
76.29
38.59
63.26
57.09
76.49
25.65
77.25
86.37
31.71
85.22
21.98
56.73
86.37
58.78
45.14
26.18
14.06
0.79
33.79
98.75
99.33
56.41
93.5
55.35
72.58
17.97
54.26
50.81
24.41
43.23
58.16
80.79
69.92
36.68
80.2
55.98
66.64
80.87
0.15
89.58
48.03
50.2
64.44
21.17
5.63
13.76
96.01
7.4
90.81
72.55
50.58
46.03
41.84
42.66
83.8
80.85
75.6
64.42
90.92
79.73
1.24
80.78
78.49
49.62
88.94
15.81
87.35
7.63
94.69
54.57
52.52
41.11
99.05
70.65
75.39
29.42
25.12
47.36
5.36
76.01
46.64
41.45
68.59
47.03
75.12
26.05
55.06
93.46
9.07
32.67
51.04
85.77
82.2
44.07
48.88
58.29
44.13
83.63
24.73
68.54
74.63
19.51
24.9
83.66
44.55
61.72
55.12
63.19
3.03
55.66
46.67
69.78
58.07
72.15
15.07
8.25
53.83
36.1
76.07
98.19
31.55
69.96
72.22
2.75
97.65
55.71
84.08
40.64
57.65
75.09
79.02
31.41
54.09
18.76
27.48
55.21
36.3
70.19
82.11
44.16
39.6
78.73
16.77
91.02
49.97
15.66
94.83
37.91
32.26
14.0
96.19
39.44
0.68
48.6
52.2
40.65
78.16
46.47
7.79
4.91
45.59
9.61
74.79
8.53
36.95
44.91
92.9
0.48
90.61
96.71
52.92
18.99
29.68
36.75
50.01
0.55
90.15
38.25
5.29
94.18
95.04
62.84
94.4
96.53
27.89
26.6
35.96
9.89
38.66
23.1
96.29
83.29
26.43
91.78
41.23
51.95
69.06
63.86
60.71
83.27
61.47
37.8
87.67
85.25
90.64
14.36
85.99
95.88
20.14
96.72
23.14
35.61
28.56
0.78
15.11
13.02
21.19
80.78
76.01
59.45
98.79
41.49
31.21
30.51
43.73
62.29
90.34
44.67
36.68
17.83
96.26
40.7
11.59
42.39
75.4
13.61
35.37
61.44
77.16
93.9
77.55
61.3
92.85
15.59
1.62
42.87
66.68
73.69
61.3
65.39
96.94
13.09
56.48
35.74
58.16
58.72
25.33
3.99
38.89
82.58
68.82
12.29
24.47
75.1
0.66
69.24
66.24
26.59
25.32
48.48
82.48
55.69
20.85
7.92
34.41
18.71
45.99
93.17
52.89
61.79
44.82
53.49
71.97
84.4
52.73
30.25
74.93
86.29
41.02
16.0
8.55
76.49
92.84
97.74
1.33
43.57
18.01
25.37
54.0
36.19
35.68
66.19
64.86
25.5
4.02
31.17
94.45
10.58
91.89
9.27
62.36
97.56
22.04
1.94
70.35
41.3
40.37
41.14
82.21
32.09
32.11
87.67
71.37
65.56
60.85
59.33
33.36
8.65
27.59
96.06
33.62
62.35
38.3
87.23
45.34
44.33
95.17
92.98
46.12
72.88
75.93
44.32
38.65
77.51
81.36
80.82
86.26
53.04
64.84
38.43
92.17
41.79
27.7
48.61
68.75
81.25
17.04
20.06
20.29
40.33
10.74
48.74
3.11
58.75
26.94
91.81
59.29
60.07
93.01
4.55
92.13
25.44
66.08
57.17
34.01
86.61
17.98
83.54
7.48
22.39
96.12
8.96
1.35
14.34
72.48
13.15
69.83
13.75
91.26
64.18
9.87
79.31
28.98
83.6
58.24
17.02
10.38
52.51
3.13
58.64
58.28
37.01
90.2
42.96
12.51
50.85
94.38
67.61
37.48
68.4
90.9
43.63
99.93
12.08
25.42
39.33
72.31
19.58
22.71
63.69
1.41
48.26
37.51
73.35
61.26
29.38
2.45
10.64
62.8
74.34
35.96
55.66
39.08
80.0
84.25
44.62
39.59
97.36
21.19
54.62
11.58
74.83
14.82
56.2
57.54
53.97
67.31
22.31
83.38
60.39
68.97
2.08
59.99
76.97
78.48
10.77
69.1
84.55
44.21
69.9
94.05
84.6
71.54
21.77
0.01
32.18
45.6
57.1
65.53
71.36
33.34
36.13
54.49
19.6
83.21
53.03
59.24
38.95
81.2
11.13
46.22
82.65
62.28
8.26
22.16
45.55
10.1
22.42
63.76
74.94
38.74
83.44
60.24
86.62
75.76
94.36
85.27
97.9
83.13
85.3
6.21
28.93
41.23
75.66
29.82
20.51
81.41
24.44
6.54
88.82
98.18
55.33
13.81
77.54
69.96
80.81
34.65
40.57
2.3
9.9
59.78
66.63
3.78
15.67
23.14
6.87
40.8
60.69
54.65
21.85
53.67
65.91
67.08
60.06
39.25
95.23
54.42
59.86
1.96
95.09
9.22
86.22
24.74
35.91
50.98
27.54
70.09
85.14
45.68
38.34
7.08
32.55
96.37
37.77
74.43
82.98
47.53
9.98
75.72
62.18
32.86
59.93
0.35
49.3
58.47
68.81
54.7
99.85
40.62
56.77
69.93
33.15
52.55
86.5
8.59
7.15
73.87
65.58
31.73
42.66
69.94
89.48
78.89
16.7
99.54
80.89
52.82
56.09
93.18
42.05
26.02
9.23
94.53
32.93
70.77
90.71
97.07
16.39
93.8
45.32
65.0
64.3
42.82
89.44
7.1
0.42
17.08
91.06
82.81
2.76
61.92
78.44
42.47
61.73
23.28
26.7
69.71
45.32
66.22
24.55
23.21
97.98
27.6
42.28
65.51
49.45
57.91
76.01
1.36
35.84
51.92
13.5
32.39
93.29
4.68
75.66
47.6
78.29
38.05
4.01
37.17
36.73
99.2
91.78
14.54
28.3
28.36
11.41
76.72
33.11
8.43
62.46
27.48
62.23
66.78
12.22
2.25
25.69
94.69
51.1
59.37
96.42
37.71
62.09
32.08
61.3
14.79
53.38
97.79
15.66
12.18
87.67
44.97
45.66
80.19
28.51
26.54
46.39
48.01
59.3
99.91
39.07
20.25
65.01
14.72
3.1
45.54
39.78
33.19
65.65
85.9
22.97
16.14
90.64
55.12
12.23
3.58
30.76
37.76
92.98
63.12
82.38
77.07
2.48
18.59
57.82
98.73
94.91
69.28
82.56
19.33
44.65
20.5
93.53
3.25
69.63
58.98
77.24
4.07
67.55
3.64
67.9
76.13
45.47
68.11
11.35
68.0
79.81
90.34
18.84
44.3
35.68
83.37
54.86
29.8
95.83
20.3
44.33
21.19
86.69
23.34
5.0
7.86
94.25
64.94
4.84
17.52
21.11
20.57
58.47
5.33
17.97
20.3
20.24
77.44
14.39
41.91
43.68
27.9
48.46
10.54
41.26
78.13
98.42
37.0
64.45
2.14
73.07
39.54
83.09
80.11
25.98
33.53
79.4
95.11
25.58
0.14
6.28
21.26
41.8
34.56
16.61
0.46
54.15
61.92
38.14
97.03
6.46
83.99
42.34
88.25
79.23
5.98
52.08
93.13
17.7
24.04
52.59
94.09
20.39
76.43
37.11
65.34
19.23
36.93
82.64
59.53
16.92
31.68
15.48
7.23
61.62
81.53
88.33
0.75
15.89
9.04
99.79
15.8
84.0
23.94
9.9
17.21
81.22
91.42
66.67
1.68
69.42
90.49
94.35
45.47
27.96
35.29
17.89
78.51
70.11
62.97
64.02
5.32
42.97
61.65
23.32
21.13
52.12
67.15
74.27
35.29
59.79
84.14
38.56
28.33
90.51
67.74
14.12
76.76
63.08
89.23
85.44
99.24
85.84
91.78
77.31
61.6
54.37
25.82
69.68
42.37
54.36
95.82
1.93
25.53
70.88
34.79
0.04
56.16
80.71
15.96
6.54
41.75
96.22
59.18
54.75
57.47
74.08
37.61
55.28
78.78
52.18
7.82
5.09
5.46
26.39
11.41
13.37
95.59
17.4
70.42
88.07
17.62
32.71
56.87
97.43
13.97
56.35
89.5
93.69
60.05
85.18
62.6
33.22
3.36
23.3
10.94
78.52
51.54
79.53
57.5
60.56
60.58
81.83
25.71
84.15
22.22
32.86
19.99
70.21
34.26
26.54
6.98
82.3
58.73
89.38
83.21
35.64
93.29
80.46
99.58
91.54
10.61
49.69
81.35
39.63
41.86
46.14
27.41
39.31
66.58
15.24
99.02
31.45
58.35
86.56
14.85
73.03
68.51
61.49
7.99
43.03
38.55
49.24
0.49
53.16
31.65
10.47
18.53
37.0
18.23
41.68
10.76
90.86
8.02
12.92
34.19
95.99
62.36
73.58
70.85
91.2
43.2
20.53
97.07
82.59
13.3
4.9
32.24
27.41
1.2
35.59
31.41
52.43
1.53
64.1
53.07
46.2
22.11
4.34
77.24
61.46
81.27
30.03
51.88
44.03
76.34
14.86
17.63
70.56
9.33
80.74
31.23
50.63
37.25
65.53
6.54
17.78
30.76
8.6
15.68
68.97
32.9
0.43
50.87
61.63
90.88
63.65
44.78
79.19
34.14
23.65
67.59
52.59
51.24
19.71
21.52
16.16
9.54
99.98
38.73
12.5
99.66
38.92
87.02
59.38
44.01
10.01
83.96
35.3
27.23
96.98
21.2
64.11
97.78
25.05
27.66
42.62
40.52
34.35
77.5
38.79
16.89
52.86
83.16
61.23
81.54
7.61
64.44
16.94
91.38
17.93
84.19
75.65
40.6
97.46
67.79
1.64
32.54
22.26
65.94
62.79
14.79
64.85
7.43
54.99
3.05
27.31
34.46
93.76
81.82
44.34
21.35
99.77
28.54
17.47
22.14
10.04
96.93
82.87
8.25
47.37
1.5
33.58
77.11
44.38
67.72
40.56
43.37
83.33
9.64
30.18
39.66
97.87
99.7
94.57
84.01
35.39
94.47
96.31
31.73
99.21
52.96
69.4
99.88
2.19
64.78
75.56
31.02
49.19
26.51
51.26
87.01
1.15
44.96
25.21
42.15
52.39
54.56
0.09
78.05
98.63
59.63
12.04
68.0
26.85
96.8
45.84
9.5
61.28
47.5
39.9
19.88
96.41
88.65
47.15
11.02
9.78
29.78
72.42
96.82
2.15
56.94
39.06
40.14
64.12
33.63
67.5
43.58
11.57
78.74
91.6
54.69
53.25
24.77
38.57
53.98
13.45
25.94
51.12
65.73
23.31
66.74
58.3
51.05
73.61
13.31
28.86
25.76
98.15
62.86
33.11
64.05
54.18
45.81
59.21
37.05
28.95
11.18
77.57
1.82
0.79
96.88
35.18
37.71
17.39
81.93
5.93
69.82
69.59
76.65
50.1
32.93
15.6
88.21
31.03
3.88
29.47
62.3
